# load at start: 5.26 8.06 6.95
# data/netlib/25fv47.mps  m=821 n=1571 nnz=10400   matrix 0.13 MB, x 0.01 MB

threads    triad GB/s
1                58.2
2                76.8
3                74.4
4                33.8
5                29.8
6                30.5
7                33.8
8                32.3
9                30.5
10               37.8

# best of 5 interleaved trials
threads     Kx stat     Kx dyn  sp stat   sp dyn   Kty stat    Kty dyn  sp stat   sp dyn
1              10.0        9.5     1.00     1.06        9.6        9.9     1.00     0.98
2               6.1        6.3     1.64     1.59        6.3        6.7     1.53     1.43
3               4.5        5.9     2.20     1.71        4.5        5.9     2.14     1.63
4               3.6        5.6     2.80     1.79        3.6        5.5     2.69     1.75
5               3.2        5.8     3.14     1.73        3.1        5.4     3.09     1.79
6               3.0        6.6     3.30     1.53        3.9        6.4     2.45     1.50
7               6.7        8.3     1.49     1.21        7.9        9.6     1.22     1.01
8              29.6       33.9     0.34     0.30       33.2       42.3     0.29     0.23
9              43.3       49.3     0.23     0.20       52.1       50.4     0.19     0.19
10             56.7       60.8     0.18     0.16       60.8       69.9     0.16     0.14

threads    barrier us
1               0.005
2               0.209
3               0.440
4               0.502
5               0.546
6               0.663
7               0.728
8               0.986
9              53.958
10             55.546
# load at end: 11.48 9.39 7.67
