# load at start: 3.68 2.82 2.09
# fused primal step, microseconds per call, best of 20
n              serial         2         3         4         5         6         7         8      best sp
1024             0.58      0.58      0.58      0.58      0.58      0.68      0.68      0.81         1.00
2048             1.40      1.61      1.52      1.51      1.75      1.62      1.69      1.48         1.00
4096             7.87      6.84      6.85      6.80      6.73      6.51      6.49      6.58         1.21
8192            13.01      8.75      6.49      5.28      5.18      5.06      5.89      5.94         2.57
16384           26.13     14.06     13.57     10.45      9.63      8.89     10.36     15.31         2.94
32768           51.43     26.96     30.87     19.98     16.13     13.77     13.70     12.29         4.19
65536          103.15     53.54     57.66     42.36     40.62     38.70     38.35     23.63         4.37
131072         210.74    107.17    116.62     98.60    138.03    109.19    183.03    192.63         2.14
262144         604.35    302.21    246.96    250.70    298.17    276.82    325.11    358.26         2.45
524288         939.31    926.24   1299.69   1196.58   1100.60   1050.63   1076.22   1064.13         1.01

# sparse product K x, microseconds per call, best of 20
nnz              rows     serial         2         3         4         5         6         7         8      best sp
4096              512       4.21      3.26      3.27      3.27      3.30      3.26      3.36      3.27         1.29
8192             1024       6.98      5.74      6.87      7.02      5.97      5.72      5.72      5.81         1.22
32768            4096      29.02     19.99     16.85     13.73     15.16     13.77     20.63     79.19         2.11
131072          16384     119.31     71.06     53.12     43.83     39.96     36.10     45.00     80.90         3.30
524288          65536     442.81    306.75    222.92    192.73    171.74    173.38    230.88    336.46         2.58
2097152        262144    2083.71   1566.26   1629.87   1515.09   1195.12   1186.91   1200.70   1188.53         1.76
# load at end: 11.00 5.85 3.43
