########## WITH DOUBLETONS ##########
using ~/sankhya/build/sankhya
instance           published  plain err    pre err   plain s     pre s iters plain  iters pre
25fv47           5501.845888   1.55e-08   7.84e-09      1.60      1.29      118160     101440
80bau3b        987232.160720   7.91e-06   7.66e-06     44.08      8.35     1000000     204800
adlittle       225494.963160   5.56e-10   7.56e-10      0.01      0.01       26000      22880
afiro            -464.753143   1.24e-09   2.58e-09      0.00      0.00         560        400
agg          -35991767.287000   1.24e-11   1.40e-11      1.69      0.37      547880     317920
agg2         -20239252.356000   7.91e-12   3.95e-12      0.08      0.08       14760      24680
agg3         10312115.935000   9.68e-12   7.41e-12      0.05      0.12        9440      38480  <-- slower
bandm            -158.628018   1.94e-08   1.06e-08      0.17      0.09       51200      45560
beaconfd        33592.485807   1.02e-10   4.19e-13      0.07      0.00       17840       2880
blend             -30.812150   2.27e-09   1.17e-07      0.00      0.00        2720       2200
bnl1             1977.629286   2.35e-02   2.24e-02      8.44      7.33     1000000    1000000  <-- wrong
             postsolved point violates the original model by 9.702e-03
bnl2             1811.236540   2.81e-03   2.83e-09     26.58     16.16     1000000     822080
boeing1          -335.213568   9.66e-11   4.47e-08      0.22      0.10       42240      30600
boeing2          -315.018728   2.15e-11   6.78e-12      0.02      0.01        9840       8720
bore3d           1373.080394   3.15e-09   1.16e-09      0.64      0.12      315560     178600
brandy           1518.509896   2.26e-09   1.60e-09      0.06      0.05       23080      24040
cycle              -5.226393   2.58e-08   4.91e-08      2.79      1.06      101160      56360
czprob        2185196.698900   3.26e-10   6.83e-08      0.88      1.05       43920      96000
d2q06c         122784.236150   2.45e-07   2.21e-07     45.92     47.60     1000000    1000000  <-- did not converge
             postsolved point violates the original model by 2.644e-04
d6cube            315.491667   4.59e-10   8.67e-11      1.32      0.81       20760      12960
degen2          -1435.178000   5.14e-09   5.68e-09      0.03      0.03        5440       5320
degen3           -987.294000   3.23e-09   8.50e-09      0.78      0.68       23040      20560
dfl001       11266400.000000   3.51e-07   3.51e-07     18.54     25.50      208360     286120
e226              -18.751929   3.79e-01   3.79e-01      0.12      0.08       38040      28040  <-- wrong
etamacro         -755.715218   3.68e-08   2.26e-09      0.66      0.22      154560      74600
fffff800       555679.611650   9.56e-05   8.43e-08      9.52      2.56     1000000     295960
finnis         172790.965470   5.92e-07   5.88e-07      0.37      0.30       87080      92920
fit1d           -9146.378092   3.18e-10   3.18e-10      0.10      0.10        5080       5080
fit1p            9146.378092   9.10e-12   9.10e-12      0.62      0.63       38440      38440
fit2d          -68464.293294   1.47e-11   1.47e-11      1.20      1.23        5840       5840
fit2p           68464.293232   9.02e-10   9.02e-10      8.54      8.60       82800      82800
forplan          -664.218740   5.73e-07   1.12e-05      5.97      5.97     1000000    1000000  <-- wrong
ganges        -109586.363560   5.84e-06   5.67e-06      4.27      2.37      321440     247880
gfrd-pnc      6902235.999500   1.50e-10   2.79e-11      1.23      0.92      204800     169280
greenbea     -72462405.908000   7.65e-04   7.53e-04     48.94     34.61     1000000    1000000  <-- wrong
             postsolved point violates the original model by 1.327e-02
greenbeb     -4302147.606500   7.30e-05   2.53e-05     49.03     33.43     1000000    1000000  <-- wrong
grow15       -106870941.290000   7.31e-09   3.35e-11      0.11      0.14       12800      17080
grow22       -160834336.480000   1.58e-11   1.51e-11      0.13      0.18       12680      17760
grow7        -47787811.815000   1.21e-09   4.93e-09      0.02      0.02        6400       6400
israel        -896644.821860   3.61e-07   5.67e-12      0.02      0.03        6400      11400
kb2             -1749.900130   5.65e-10   2.12e-11      0.01      0.01       29440      23360
lotfi             -25.264706   5.11e-08   5.38e-08      0.73      0.21      377160     138880
maros          -58063.743701   3.46e-12   1.87e-11     10.95      3.51      774640     379880
maros-r7      1497185.166500   4.57e-07   6.75e-07      1.18      1.14        6400       6400
modszk1           320.619729   7.70e-12   2.39e-12      2.26      1.04      275960     132560
nesm         14076073.035000   2.61e-06   2.50e-06     19.54     15.32     1000000     819200
perold          -9380.758077   2.89e-05   2.56e-04     10.39      9.46     1000000    1000000  <-- wrong
             postsolved point violates the original model by 1.969e-05
pilot            -557.404300   8.23e-05   1.05e-02     55.78     53.74     1000000    1000000  <-- wrong
             postsolved point violates the original model by 2.924e+01
pilot4          -2581.139264   9.13e-02   1.47e-03      8.47      7.91     1000000    1000000  <-- wrong
             postsolved point violates the original model by 5.625e-01
pilot87           301.710728   8.61e-07   5.85e-08     95.71     89.99     1000000    1000000  <-- did not converge
             postsolved point violates the original model by 1.811e-05
pilotnov        -4497.276188   4.10e-12   5.97e-14      0.51      0.66       26600      38840
recipe           -266.616000   1.28e-08   7.12e-10      0.00      0.00        1200       1400
sc105             -52.202061   5.25e-09   5.25e-09      0.00      0.00        4000       3000
sc205             -52.202061   2.63e-09   5.87e-09      0.02      0.02       20320      15760
sc50a             -64.575077   2.17e-08   2.71e-09      0.00      0.00        1040       1240
sc50b             -70.000000   4.02e-09   4.01e-10      0.00      0.00        1000       1240
scagr25      -14753433.061000   2.95e-09   8.94e-11      0.09      0.02       30800       6840
scagr7       -2331389.254800   2.51e-07   2.44e-07      0.03      0.00       45080       5840
scfxm1          18416.759028   8.00e-09   2.07e-09      0.07      0.05       19760      16720
scfxm2          36660.261565   1.06e-10   1.61e-11      0.58      0.49       68720      71240
scfxm3          54901.254550   7.94e-10   6.71e-10      0.93      0.68       67640      64880
scorpion         1878.124823   4.04e-09   1.90e-09      0.13      0.13       51200      76200
scrs8             904.299986   3.30e-06   3.36e-06      0.79      0.70      123560     115880
scsd1               8.666667   1.01e-07   1.01e-07      0.00      0.00         840        840
scsd6              50.500000   4.70e-08   4.70e-08      0.02      0.02        2520       2520
scsd8             905.000000   7.00e-12   7.00e-12      0.27      0.28       17880      17880
sctap1           1412.250000   5.69e-09   1.66e-08      0.01      0.01        3200       1720
sctap2           1724.807143   6.08e-09   1.88e-07      0.03      0.02        1920       1600
sctap3           1424.000000   6.05e-10   5.61e-08      0.02      0.02        1160       1000
seba            15711.600000   6.83e-10   3.76e-10      0.07      0.08        8600      10280
share1b        -76589.318579   8.73e-12   9.88e-12      0.10      0.08       71800      60000
share2b          -415.732241   2.33e-07   1.04e-08      0.06      0.05       77520      68760
shell        1208825346.000000   3.63e-13   1.91e-12      0.18      0.17       22440      27120
ship04l       1793324.538000   5.17e-10   4.23e-10      0.09      0.06        8280       5840
ship04s       1798714.700400   2.11e-09   1.53e-08      0.21      0.09       25600      13680
ship08l       1909055.211400   1.34e-08   8.20e-08      0.59      0.11       25600       6400
ship08s       1920098.210500   7.91e-08   2.02e-08      0.22      0.04       16520       5000
ship12l       1470187.919300   7.36e-10   2.97e-09      0.69      0.22       23920      10000
ship12s       1489236.134400   1.36e-09   2.35e-08      0.34      0.15       20960      14560
sierra       15394362.184000   7.76e-12   1.41e-10      0.16      0.12       10800       9240
stair            -251.266951   4.74e-09   3.02e-08      0.45      0.46       89480     105040
standata         1257.699500   6.58e-10   3.39e-10      0.01      0.00        2200        800
standmps         1406.017500   1.06e-08   3.83e-08      0.04      0.01        5600       2040
stocfor1       -41131.976219   9.68e-10   2.12e-09      0.01      0.01       10520      17160
stocfor2       -39024.408538   2.57e-09   3.93e-10      1.44      0.67       80960      46600
tuff                0.292148   8.38e-10   1.24e-09      1.31      0.75      205280     146520
wood1p              1.442902   1.11e-07   4.02e-07      1.51      0.34       16960       5840
woodw               1.304476   9.12e-09   3.90e-09      2.83      1.54       48760      48520

reached the published optimum with presolve on: 78/88
right objective, point outside the relative tolerance on the original model: 2 - re-run those with --abs-tol
geomean wall-clock speedup: 1.63x over 66 instances that take more than 50 ms
best 50.73x, worst 0.41x

########## WITHOUT DOUBLETONS ##########
using ~/sankhya/build/sankhya
instance           published  plain err    pre err   plain s     pre s iters plain  iters pre
25fv47           5501.845888   1.55e-08   1.69e-09      1.67      0.97      118160      66920
80bau3b        987232.160720   7.91e-06   7.66e-06     47.62      9.66     1000000     204800
adlittle       225494.963160   5.56e-10   7.56e-10      0.01      0.01       26000      22880
afiro            -464.753143   1.24e-09   2.58e-09      0.00      0.00         560        400
agg          -35991767.287000   1.24e-11   1.40e-11      1.80      0.39      547880     317920
agg2         -20239252.356000   7.91e-12   1.95e-12      0.09      0.05       14760      16120
agg3         10312115.935000   9.68e-12   4.58e-12      0.05      0.10        9440      28000  <-- slower
bandm            -158.628018   1.94e-08   6.38e-08      0.18      0.16       51200      70360
beaconfd        33592.485807   1.02e-10   9.90e-12      0.07      0.00       17840       6560
blend             -30.812150   2.27e-09   9.07e-08      0.00      0.00        2720       2800
bnl1             1977.629286   2.35e-02   2.21e-02      9.44      8.43     1000000    1000000  <-- wrong
             postsolved point violates the original model by 9.261e-03
bnl2             1811.236540   2.81e-03   1.07e-06     28.76     26.98     1000000    1000000  <-- did not converge
             postsolved point violates the original model by 1.154e-04
boeing1          -335.213568   9.66e-11   4.47e-08      0.23      0.11       42240      30600
boeing2          -315.018728   2.15e-11   6.78e-12      0.02      0.01        9840       8720
bore3d           1373.080394   3.15e-09   1.44e-09      0.68      0.19      315560     248040
brandy           1518.509896   2.26e-09   1.47e-10      0.06      0.06       23080      28600
cycle              -5.226393   2.58e-08   3.18e-08      3.01      1.40      101160      63000
czprob        2185196.698900   3.26e-10   1.66e-09      0.94      0.36       43920      26720
d2q06c         122784.236150   2.45e-07   1.76e-07     49.83     47.43     1000000    1000000  <-- did not converge
             postsolved point violates the original model by 1.886e-03
d6cube            315.491667   4.59e-10   8.67e-11      1.23      0.90       20760      12960
degen2          -1435.178000   5.14e-09   2.48e-09      0.03      0.03        5440       4440
degen3           -987.294000   3.23e-09   5.24e-09      0.75      0.76       23040      22400
dfl001       11266400.000000   3.51e-07   3.50e-07     18.21     31.95      208360     368000  <-- slower
e226              -18.751929   3.79e-01   3.79e-01      0.12      0.11       38040      40320  <-- wrong
etamacro         -755.715218   3.68e-08   1.09e-08      0.63      0.26      154560      85480
fffff800       555679.611650   9.56e-05   8.43e-08      9.67      2.38     1000000     249000
finnis         172790.965470   5.92e-07   5.94e-07      0.39      0.18       87080      51200
fit1d           -9146.378092   3.18e-10   3.18e-10      0.10      0.10        5080       5080
fit1p            9146.378092   9.10e-12   9.10e-12      0.65      0.63       38440      38440
fit2d          -68464.293294   1.47e-11   1.47e-11      1.20      1.17        5840       5840
fit2p           68464.293232   9.02e-10   9.02e-10      8.66      8.74       82800      82800
forplan          -664.218740   5.73e-07   1.12e-05      5.83      5.53     1000000    1000000  <-- wrong
ganges        -109586.363560   5.84e-06   5.79e-06      4.45      4.78      321440     387720
gfrd-pnc      6902235.999500   1.50e-10   2.81e-10      1.26      1.18      204800     196200
greenbea     -72462405.908000   7.65e-04   2.39e-04     51.79     40.79     1000000    1000000  <-- wrong
             postsolved point violates the original model by 3.571e-01
greenbeb     -4302147.606500   7.30e-05   2.62e-05     53.73     31.87     1000000     826880  <-- wrong
grow15       -106870941.290000   7.31e-09   3.35e-11      0.10      0.13       12800      17080
grow22       -160834336.480000   1.58e-11   1.51e-11      0.13      0.18       12680      17760
grow7        -47787811.815000   1.21e-09   4.93e-09      0.02      0.02        6400       6400
israel        -896644.821860   3.61e-07   5.67e-12      0.02      0.03        6400      11400
kb2             -1749.900130   5.65e-10   1.04e-07      0.01      0.01       29440      25600
lotfi             -25.264706   5.11e-08   3.72e-08      0.66      0.24      377160     166440
maros          -58063.743701   3.46e-12   1.52e-11     11.45      5.98      774640     584840
maros-r7      1497185.166500   4.57e-07   6.75e-07      1.24      1.18        6400       6400
modszk1           320.619729   7.70e-12   2.41e-11      2.40      2.25      275960     262040
nesm         14076073.035000   2.61e-06   2.50e-06     20.42     16.29     1000000     819200
perold          -9380.758077   2.89e-05   6.39e-03     11.05     10.35     1000000    1000000  <-- wrong
             postsolved point violates the original model by 1.648e+00
pilot            -557.404300   8.23e-05   1.33e-04     59.02     55.82     1000000    1000000  <-- wrong
             postsolved point violates the original model by 5.119e-04
pilot4          -2581.139264   9.13e-02   1.18e-02      8.51      7.88     1000000    1000000  <-- wrong
             postsolved point violates the original model by 9.406e+00
pilot87           301.710728   8.61e-07   2.60e-06    104.03     98.17     1000000    1000000  <-- did not converge
             postsolved point violates the original model by 1.319e-03
pilotnov        -4497.276188   4.10e-12   4.20e-12      0.56      1.08       26600      56040  <-- slower
recipe           -266.616000   1.28e-08   8.79e-09      0.00      0.00        1200       1400
sc105             -52.202061   5.25e-09   8.14e-10      0.00      0.00        4000       5360
sc205             -52.202061   2.63e-09   2.55e-09      0.02      0.03       20320      28160
sc50a             -64.575077   2.17e-08   2.43e-09      0.00      0.00        1040       1360
sc50b             -70.000000   4.02e-09   6.41e-09      0.00      0.00        1000       2160
scagr25      -14753433.061000   2.95e-09   3.49e-09      0.11      0.02       30800       6400
scagr7       -2331389.254800   2.51e-07   2.44e-07      0.04      0.01       45080      10480
scfxm1          18416.759028   8.00e-09   1.14e-09      0.08      0.06       19760      16000
scfxm2          36660.261565   1.06e-10   4.99e-10      0.64      0.64       68720      82480
scfxm3          54901.254550   7.94e-10   3.32e-11      0.96      0.58       67640      49560
scorpion         1878.124823   4.04e-09   8.06e-08      0.14      0.09       51200      39520
scrs8             904.299986   3.30e-06   3.20e-06      0.86      0.94      123560     146640
scsd1               8.666667   1.01e-07   1.01e-07      0.00      0.00         840        840
scsd6              50.500000   4.70e-08   4.70e-08      0.02      0.02        2520       2520
scsd8             905.000000   7.00e-12   7.00e-12      0.29      0.30       17880      17880
sctap1           1412.250000   5.69e-09   1.66e-08      0.01      0.01        3200       1720
sctap2           1724.807143   6.08e-09   1.88e-07      0.03      0.02        1920       1600
sctap3           1424.000000   6.05e-10   5.61e-08      0.03      0.02        1160       1000
seba            15711.600000   6.83e-10   3.76e-10      0.07      0.09        8600      10280
share1b        -76589.318579   8.73e-12   2.38e-11      0.11      0.10       71800      68040
share2b          -415.732241   2.33e-07   1.04e-08      0.06      0.06       77520      68760
shell        1208825346.000000   3.63e-13   1.66e-12      0.20      0.14       22440      19040
ship04l       1793324.538000   5.17e-10   2.91e-08      0.10      0.07        8280       6400
ship04s       1798714.700400   2.11e-09   2.42e-08      0.23      0.15       25600      20880
ship08l       1909055.211400   1.34e-08   8.20e-08      0.62      0.12       25600       6400
ship08s       1920098.210500   7.91e-08   4.00e-08      0.23      0.07       16520       7320
ship12l       1470187.919300   7.36e-10   2.97e-09      0.73      0.24       23920      10000
ship12s       1489236.134400   1.36e-09   5.55e-08      0.36      0.16       20960      14080
sierra       15394362.184000   7.76e-12   1.48e-11      0.17      0.15       10800       9880
stair            -251.266951   4.74e-09   3.42e-09      0.57      0.83       89480     125400
standata         1257.699500   6.58e-10   1.54e-09      0.02      0.01        2200       1200
standmps         1406.017500   1.06e-08   2.21e-08      0.05      0.01        5600       2000
stocfor1       -41131.976219   9.68e-10   1.18e-08      0.01      0.01       10520      13880
stocfor2       -39024.408538   2.57e-09   8.62e-10      1.62      0.65       80960      38520
tuff                0.292148   8.38e-10   1.18e-09      1.40      0.78      205280     139880
wood1p              1.442902   1.11e-07   4.02e-07      1.62      0.37       16960       5840
woodw               1.304476   9.12e-09   1.01e-08      3.23      1.80       48760      48880

reached the published optimum with presolve on: 77/88
right objective, point outside the relative tolerance on the original model: 3 - re-run those with --abs-tol
geomean wall-clock speedup: 1.52x over 66 instances that take more than 50 ms
best 21.14x, worst 0.52x
BOTHDONE
