# machine: Apple M4, 4P + 6E cores
# load at start: 5.58 6.34 5.26
# data/lptestset/datt256_lp.mps  m=11077 n=262144 nnz=1503732   matrix 18.09 MB, x 2.10 MB

threads    triad GB/s
1                53.2
2                44.1
3                32.3
4                34.3
5                34.0
6                35.0
7                35.0
8                37.4
9                35.4
10               36.2

# best of 5 interleaved trials
threads     Kx stat     Kx dyn  sp stat   sp dyn   Kty stat    Kty dyn  sp stat   sp dyn
1            2074.9     2063.0     1.00     1.01     1046.0     1049.6     1.00     1.00
2            1152.8     1175.8     1.80     1.76      609.3      874.8     1.72     1.20
3             829.7      991.6     2.50     2.09      636.4      681.5     1.64     1.53
4             852.9      805.7     2.43     2.58      568.1      643.2     1.84     1.63
5             806.2      699.6     2.57     2.97      639.5      614.4     1.64     1.70
6             901.6      654.2     2.30     3.17      587.7      579.2     1.78     1.81
7             889.4      636.8     2.33     3.26      707.1      568.3     1.48     1.84
8             869.8      671.0     2.39     3.09      712.4      576.7     1.47     1.81
9             969.7      682.4     2.14     3.04      702.0      629.9     1.49     1.66
10            884.7      670.6     2.35     3.09      618.6      646.7     1.69     1.62

threads    barrier us
1               0.005
2               0.137
3               0.166
4               0.503
5               0.513
6               0.575
7               0.555
8               0.684
9               0.853
10             17.835
# load at end: 7.11 6.66 5.41
